   9.99999978E-03   3.49999741E-02   3.48144248E-02   3.49999499       3.46288538      -5.04972471E-04  -3.71146870       12.1207705      0.129196331       12.2499666    
   1.99999996E-02   6.99998960E-02   6.92577064E-02   3.49998999       3.42577076      -5.02299692E-04  -3.71146083       11.9929180      0.257015347       12.2499332    
   2.99999993E-02  0.104999773      0.103329845       3.49998498       3.38865614      -4.99641756E-04  -3.71145296       11.8664427      0.383457065       12.2498999    
   3.99999991E-02  0.139999598      0.137030840       3.49997997       3.35154176      -4.96998720E-04  -3.71144509       11.7413464      0.508521438       12.2498674    
   4.99999970E-02  0.174999371      0.170360684       3.49997497       3.31442738      -4.94370994E-04  -3.71143723       11.6176271      0.632208467       12.2498360    
   5.99999949E-02  0.209999084      0.203319386       3.49996996       3.27731299      -4.91758867E-04  -3.71142960       11.4952850      0.754518211       12.2498035    
   6.99999928E-02  0.244998753      0.235906944       3.49996495       3.24019885      -4.89162339E-04  -3.71142197       11.3743219      0.875450671       12.2497730    
   7.99999908E-02  0.279998362      0.268123358       3.49996018       3.20308471      -4.86581877E-04  -3.71141434       11.2547369      0.995005786       12.2497425    
   8.99999887E-02  0.314997941      0.299968630       3.49995542       3.16597056      -4.84017772E-04  -3.71140695       11.1365290       1.11318362       12.2497129    
   9.99999866E-02  0.349997461      0.331442773       3.49995065       3.12885642      -4.81470081E-04  -3.71139956       11.0196981       1.22998416       12.2496824    
  0.109999985      0.384996951      0.362545758       3.49994588       3.09174252      -4.78939153E-04  -3.71139216       10.9042463       1.34540725       12.2496538    
  0.119999982      0.419996381      0.393277615       3.49994111       3.05462861      -4.76425281E-04  -3.71138501       10.7901716       1.45945323       12.2496252    
  0.129999980      0.454995751      0.423638314       3.49993634       3.01751471      -4.73928667E-04  -3.71137762       10.6774750       1.57212174       12.2495966    
  0.139999986      0.489995122      0.453627914       3.49993157       2.98040104      -4.71449661E-04  -3.71137047       10.5661554       1.68341315       12.2495689    
  0.149999991      0.524994433      0.483246386       3.49992681       2.94328737      -4.68988583E-04  -3.71136355       10.4562140       1.79332733       12.2495413    
  0.159999996      0.559993684      0.512493730       3.49992204       2.90617371      -4.66545520E-04  -3.71135640       10.3476496       1.90186417       12.2495136    
  0.170000002      0.594992876      0.541369915       3.49991727       2.86906004      -4.64120909E-04  -3.71134949       10.2404633       2.00902367       12.2494869    
  0.180000007      0.629992068      0.569874942       3.49991274       2.83194661      -4.61715099E-04  -3.71134281       10.1346550       2.11480594       12.2494612    
  0.190000013      0.664991200      0.598008871       3.49990821       2.79483318      -4.59328265E-04  -3.71133590       10.0302248       2.21921086       12.2494354    
  0.200000018      0.699990273      0.625771642       3.49990368       2.75771976      -4.56960668E-04  -3.71132922       9.92717171       2.32223845       12.2494106    
  0.210000023      0.734989285      0.653163314       3.49989915       2.72060657      -4.54612717E-04  -3.71132255       9.82549667       2.42388892       12.2493858    
  0.220000029      0.769988298      0.680183828       3.49989462       2.68349338      -4.52284643E-04  -3.71131587       9.72519970       2.52416205       12.2493620    
  0.230000034      0.804987252      0.706833184       3.49989009       2.64638019      -4.49976884E-04  -3.71130943       9.62627983       2.62305784       12.2493382    
  0.240000039      0.839986145      0.733111441       3.49988556       2.60926700      -4.47689468E-04  -3.71130300       9.52873707       2.72057652       12.2493134    
  0.250000030      0.874984920      0.759018540       3.49988103       2.57215405      -4.45423007E-04  -3.71129656       9.43257141       2.81671786       12.2492895    
  0.260000020      0.909983695      0.784554482       3.49987650       2.53504109      -4.43177647E-04  -3.71129012       9.33778477       2.91148162       12.2492666    
  0.270000011      0.944982409      0.809719324       3.49987197       2.49792814      -4.40953707E-04  -3.71128392       9.24437428       3.00486827       12.2492428    
  0.280000001      0.979981065      0.834513009       3.49986768       2.46081543      -4.38751682E-04  -3.71127772       9.15234280       3.09687781       12.2492208    
  0.289999992       1.01497972      0.858935595       3.49986339       2.42370272      -4.36571834E-04  -3.71127152       9.06168938       3.18751001       12.2491989    
  0.299999982       1.04997826      0.882987022       3.49985909       2.38659000      -4.34414338E-04  -3.71126533       8.97241306       3.27676487       12.2491779    
  0.309999973       1.08497679      0.906667352       3.49985480       2.34947753      -4.32279689E-04  -3.71125937       8.88451385       3.36464262       12.2491570    
  0.319999963       1.11997533      0.929976523       3.49985051       2.31236506      -4.30168206E-04  -3.71125340       8.79799271       3.45114279       12.2491360    
  0.329999954       1.15497375      0.952914596       3.49984622       2.27525258      -4.28080093E-04  -3.71124744       8.71284866       3.53626609       12.2491150    
  0.339999944       1.18997216      0.975481510       3.49984193       2.23814011      -4.26015875E-04  -3.71124148       8.62908268       3.62001181       12.2490940    
  0.349999934       1.22497058      0.997677326       3.49983764       2.20102787      -4.23975813E-04  -3.71123576       8.54669380       3.70238042       12.2490740    
  0.359999925       1.25996888       1.01950204       3.49983335       2.16391563      -4.21960169E-04  -3.71123004       8.46568203       3.78337216       12.2490540    
  0.369999915       1.29496717       1.04095566       3.49982905       2.12680340      -4.19969525E-04  -3.71122432       8.38604832       3.86298633       12.2490349    
  0.379999906       1.32996535       1.06203806       3.49982476       2.08969116      -4.18003998E-04  -3.71121860       8.30779171       3.94122314       12.2490149    
  0.389999896       1.36496353       1.08274937       3.49982071       2.05257893      -4.16064111E-04  -3.71121311       8.23091221       4.01808310       12.2489948    
  0.399999887       1.39996171       1.10308957       3.49981666       2.01546693      -4.14150214E-04  -3.71120763       8.15541172       4.09356546       12.2489777    
  0.409999877       1.43495977       1.12305868       3.49981260       1.97835493      -4.12262511E-04  -3.71120214       8.08128834       4.16767073       12.2489586    
  0.419999868       1.46995783       1.14265668       3.49980855       1.94124293      -4.10401495E-04  -3.71119666       8.00854206       4.24039888       12.2489414    
  0.429999858       1.50495589       1.16188359       3.49980450       1.90413105      -4.08567517E-04  -3.71119142       7.93717337       4.31174994       12.2489233    
  0.439999849       1.53995383       1.18073928       3.49980044       1.86701918      -4.06760868E-04  -3.71118617       7.86718178       4.38172340       12.2489052    
  0.449999839       1.57495177       1.19922388       3.49979639       1.82990742      -4.04981984E-04  -3.71118093       7.79856777       4.45031977       12.2488880    
  0.459999830       1.60994971       1.21733737       3.49979234       1.79279566      -4.03231214E-04  -3.71117568       7.73133135       4.51753902       12.2488708    
  0.469999820       1.64494753       1.23507977       3.49978828       1.75568402      -4.01508907E-04  -3.71117043       7.66547203       4.58338118       12.2488537    
  0.479999810       1.67994535       1.25245106       3.49978423       1.71857238      -3.99815501E-04  -3.71116543       7.60099030       4.64784575       12.2488365    
  0.489999801       1.71494317       1.26945126       3.49978018       1.68146074      -3.98151256E-04  -3.71116042       7.53788567       4.71093369       12.2488194    
  0.499999791       1.74994087       1.28608024       3.49977612       1.64434922      -3.96516523E-04  -3.71115541       7.47615862       4.77264357       12.2488022    
  0.509999812       1.78493869       1.30233824       3.49977207       1.60723758      -3.94911825E-04  -3.71115041       7.41580868       4.83297729       12.2487860    
  0.519999802       1.81993639       1.31822503       3.49976802       1.57012618      -3.93337366E-04  -3.71114564       7.35683632       4.89193296       12.2487698    
  0.529999793       1.85493398       1.33374071       3.49976420       1.53301477      -3.91793699E-04  -3.71114063       7.29924202       4.94951153       12.2487535    
  0.539999783       1.88993156       1.34888530       3.49976039       1.49590337      -3.90280999E-04  -3.71113586       7.24302483       5.00571346       12.2487383    
  0.549999774       1.92492914       1.36365879       3.49975657       1.45879209      -3.88799730E-04  -3.71113110       7.18818521       5.06053782       12.2487230    
  0.559999764       1.95992661       1.37806118       3.49975276       1.42168081      -3.87350243E-04  -3.71112657       7.13472271       5.11398506       12.2487078    
  0.569999754       1.99492407       1.39209247       3.49974895       1.38456964      -3.85932799E-04  -3.71112180       7.08263779       5.16605520       12.2486935    
  0.579999745       2.02992153       1.40575254       3.49974513       1.34745848      -3.84547835E-04  -3.71111727       7.03192997       5.21674776       12.2486782    
  0.589999735       2.06491899       1.41904151       3.49974132       1.31034732      -3.83195700E-04  -3.71111250       6.98259974       5.26606321       12.2486629    
  0.599999726       2.09991646       1.43195939       3.49973750       1.27323627      -3.81876715E-04  -3.71110797       6.93464661       5.31400108       12.2486477    
  0.609999716       2.13491368       1.44450617       3.49973369       1.23612523      -3.80591286E-04  -3.71110344       6.88807058       5.36056232       12.2486324    
  0.619999707       2.16991091       1.45668185       3.49972987       1.19901431      -3.79339705E-04  -3.71109915       6.84287214       5.40574646       12.2486191    
  0.629999697       2.20490813       1.46848643       3.49972606       1.16190338      -3.78122233E-04  -3.71109462       6.79905081       5.44955301       12.2486038    
  0.639999688       2.23990536       1.47991991       3.49972224       1.12479246      -3.76939308E-04  -3.71109033       6.75660706       5.49198294       12.2485905    
  0.649999678       2.27490258       1.49098229       3.49971843       1.08768165      -3.75791220E-04  -3.71108580       6.71554041       5.53303528       12.2485752    
  0.659999669       2.30989981       1.50167358       3.49971461       1.05057085      -3.74678290E-04  -3.71108150       6.67585087       5.57271051       12.2485619    
  0.669999659       2.34489679       1.51199377       3.49971080       1.01346004      -3.73600837E-04  -3.71107721       6.63753843       5.61100864       12.2485466    
  0.679999650       2.37989378       1.52194285       3.49970698      0.976349294      -3.72559152E-04  -3.71107316       6.60060358       5.64792967       12.2485332    
  0.689999640       2.41489077       1.53152084       3.49970317      0.939238608      -3.71553557E-04  -3.71106887       6.56504583       5.68347359       12.2485199    
  0.699999630       2.44988775       1.54072762       3.49969935      0.902127981      -3.70584341E-04  -3.71106458       6.53086519       5.71763992       12.2485046    
  0.709999621       2.48488474       1.54956329       3.49969554      0.865017414      -3.69651738E-04  -3.71106052       6.49806213       5.75042915       12.2484913    
  0.719999611       2.51988173       1.55802786       3.49969196      0.827906847      -3.68756126E-04  -3.71105647       6.46663666       5.78184128       12.2484779    
  0.729999602       2.55487871       1.56612134       3.49968839      0.790796340      -3.67897737E-04  -3.71105218       6.43658876       5.81187630       12.2484646    
  0.739999592       2.58987546       1.57384372       3.49968481      0.753685892      -3.67076806E-04  -3.71104813       6.40791798       5.84053421       12.2484522    
  0.749999583       2.62487221       1.58119500       3.49968123      0.716575444      -3.66293592E-04  -3.71104407       6.38062477       5.86781454       12.2484398    
  0.759999573       2.65986896       1.58817518       3.49967766      0.679465055      -3.65548301E-04  -3.71104002       6.35470819       5.89371824       12.2484264    
  0.769999564       2.69486570       1.59478426       3.49967408      0.642354727      -3.64841195E-04  -3.71103621       6.33016920       5.91824436       12.2484131    
  0.779999554       2.72986245       1.60102224       3.49967051      0.605244398      -3.64172534E-04  -3.71103215       6.30700731       5.94139338       12.2484007    
  0.789999545       2.76485920       1.60688913       3.49966693      0.568134129      -3.63542465E-04  -3.71102810       6.28522253       5.96316528       12.2483883    
  0.799999535       2.79985571       1.61238492       3.49966335      0.531023920      -3.62951250E-04  -3.71102428       6.26481485       5.98356056       12.2483749    
  0.809999526       2.83485222       1.61750960       3.49965978      0.493913740      -3.62398976E-04  -3.71102023       6.24578476       6.00257826       12.2483635    
  0.819999516       2.86984873       1.62226319       3.49965620      0.456803590      -3.61885934E-04  -3.71101642       6.22813129       6.02021885       12.2483501    
  0.829999506       2.90484524       1.62664568       3.49965262      0.419693470      -3.61412240E-04  -3.71101236       6.21185541       6.03648186       12.2483368    
  0.839999497       2.93984175       1.63065708       3.49964905      0.382583410      -3.60978069E-04  -3.71100855       6.19695663       6.05136824       12.2483253    
  0.849999487       2.97483826       1.63429737       3.49964547      0.345473379      -3.60583537E-04  -3.71100473       6.18343496       6.06487751       12.2483120    
  0.859999478       3.00983477       1.63756657       3.49964190      0.308363378      -3.60228762E-04  -3.71100092       6.17129087       6.07700968       12.2483006    
  0.869999468       3.04483104       1.64046466       3.49963832      0.271253437      -3.59913945E-04  -3.71099710       6.16052341       6.08776426       12.2482872    
  0.879999459       3.07982731       1.64299166       3.49963474      0.234143525      -3.59639060E-04  -3.71099329       6.15113306       6.09714222       12.2482758    
  0.889999449       3.11482358       1.64514756       3.49963117      0.197033644      -3.59404308E-04  -3.71098924       6.14312029       6.10514259       12.2482624    
  0.899999440       3.14981985       1.64693236       3.49962759      0.159923807      -3.59209720E-04  -3.71098542       6.13648462       6.11176586       12.2482510    
  0.909999430       3.18481612       1.64834607       3.49962401      0.122814007      -3.59055382E-04  -3.71098161       6.13122559       6.11701202       12.2482376    
  0.919999421       3.21981239       1.64938867       3.49962044       8.57042447E-02  -3.58941295E-04  -3.71097779       6.12734413       6.12088108       12.2482252    
  0.929999411       3.25480866       1.65006018       3.49961686       4.85945195E-02  -3.58867517E-04  -3.71097422       6.12483978       6.12337303       12.2482128    
  0.939999402       3.28980470       1.65036058       3.49961329       1.14848316E-02  -3.58834106E-04  -3.71097040       6.12371254       6.12448788       12.2482004    
  0.949999392       3.32480073       1.65028989       3.49960971      -2.56248172E-02  -3.58841062E-04  -3.71096659       6.12396240       6.12422562       12.2481880    
  0.959999382       3.35979676       1.64984810       3.49960613      -6.27344251E-02  -3.58888356E-04  -3.71096277       6.12558937       6.12258625       12.2481756    
  0.969999373       3.39479280       1.64903522       3.49960256      -9.98440012E-02  -3.58976045E-04  -3.71095896       6.12859344       6.11956978       12.2481632    
  0.979999363       3.42978883       1.64785123       3.49959898     -0.136953533      -3.59103986E-04  -3.71095514       6.13297462       6.11517572       12.2481499    
  0.989999354       3.46478486       1.64629614       3.49959540     -0.174063027      -3.59272235E-04  -3.71095133       6.13873291       6.10940504       12.2481384    
  0.999999344       3.49978065       1.64436996       3.49959183     -0.211172491      -3.59480677E-04  -3.71094751       6.14586830       6.10225677       12.2481251    
   1.00999939       3.49978065       1.64436996       3.49959183     -0.211172491      -3.59480677E-04  -3.71094751       6.14586830       6.10225677       12.2481251    
   1.00999939       3.53477669       1.64207268       3.49958825     -0.248282135      -3.59729253E-04  -3.71094370       6.15438080       6.09373188       12.2481127    
   1.01999938       3.56977248       1.63940430       3.49958467     -0.285391510      -3.60017904E-04  -3.71093965       6.16427040       6.08382940       12.2481003    
   1.02999938       3.60476828       1.63636482       3.49958110     -0.322500855      -3.60346457E-04  -3.71093583       6.17553711       6.07254982       12.2480869    
   1.03999937       3.63976407       1.63295424       3.49957752     -0.359610170      -3.60714912E-04  -3.71093202       6.18818092       6.05989313       12.2480736    
   1.04999936       3.67475986       1.62917256       3.49957395     -0.396719426      -3.61123093E-04  -3.71092820       6.20220184       6.04585934       12.2480612    
   1.05999935       3.70975566       1.62501979       3.49957037     -0.433828652      -3.61570885E-04  -3.71092439       6.21759987       6.03044844       12.2480488    
   1.06999934       3.74475121       1.62049592       3.49956679     -0.470937848      -3.62058083E-04  -3.71092033       6.23437500       6.01366043       12.2480354    
   1.07999933       3.77974677       1.61560094       3.49956322     -0.508046985      -3.62584629E-04  -3.71091652       6.25252724       5.99549484       12.2480221    
   1.08999932       3.81474233       1.61033499       3.49955964     -0.545156121      -3.63150233E-04  -3.71091247       6.27205658       5.97595310       12.2480097    
   1.09999931       3.84973788       1.60469794       3.49955606     -0.582265198      -3.63754836E-04  -3.71090865       6.29296255       5.95503378       12.2479963    
   1.10999930       3.88473344       1.59868979       3.49955249     -0.619374216      -3.64398118E-04  -3.71090460       6.31524611       5.93273783       12.2479839    
   1.11999929       3.91972899       1.59231055       3.49954891     -0.656483233      -3.65079934E-04  -3.71090055       6.33890629       5.90906429       12.2479706    
   1.12999928       3.95472455       1.58556020       3.49954534     -0.693592191      -3.65800108E-04  -3.71089673       6.36394405       5.88401365       12.2479572    
   1.13999927       3.98971987       1.57843876       3.49954176     -0.730701089      -3.66558350E-04  -3.71089268       6.39035845       5.85758638       12.2479448    
   1.14999926       4.02471542       1.57094622       3.49953818     -0.767809987      -3.67354456E-04  -3.71088862       6.41814995       5.82978153       12.2479315    
   1.15999925       4.05971098       1.56308258       3.49953461     -0.804918826      -3.68188164E-04  -3.71088433       6.44731855       5.80059958       12.2479181    
   1.16999924       4.09470606       1.55484784       3.49953103     -0.842027605      -3.69059271E-04  -3.71088028       6.47786379       5.77004004       12.2479038    
   1.17999923       4.12970114       1.54624200       3.49952745     -0.879136324      -3.69967427E-04  -3.71087623       6.50978661       5.73810387       12.2478905    
   1.18999922       4.16469622       1.53726506       3.49952364     -0.916245043      -3.70912399E-04  -3.71087193       6.54308558       5.70479059       12.2478762    
   1.19999921       4.19969130       1.52791703       3.49951982     -0.953353703      -3.71893839E-04  -3.71086788       6.57776117       5.67010021       12.2478619    
   1.20999920       4.23468637       1.51819801       3.49951601     -0.990462303      -3.72911571E-04  -3.71086359       6.61381388       5.63403273       12.2478466    
   1.21999919       4.26968145       1.50810790       3.49951220      -1.02757084      -3.73965275E-04  -3.71085930       6.65124369       5.59658813       12.2478313    
   1.22999918       4.30467653       1.49764669       3.49950838      -1.06467938      -3.75054631E-04  -3.71085501       6.69005060       5.55776691       12.2478180    
   1.23999918       4.33967161       1.48681438       3.49950457      -1.10178792      -3.76179320E-04  -3.71085072       6.73023462       5.51756811       12.2478027    
   1.24999917       4.37466669       1.47561097       3.49950075      -1.13889635      -3.77339020E-04  -3.71084642       6.77179527       5.47599220       12.2477875    
   1.25999916       4.40966177       1.46403646       3.49949694      -1.17600477      -3.78533441E-04  -3.71084189       6.81473303       5.43303919       12.2477722    
   1.26999915       4.44465685       1.45209086       3.49949312      -1.21311319      -3.79762263E-04  -3.71083736       6.85904789       5.38870907       12.2477570    
   1.27999914       4.47965193       1.43977416       3.49948931      -1.25022149      -3.81025078E-04  -3.71083307       6.90473938       5.34300184       12.2477417    
   1.28999913       4.51464701       1.42708635       3.49948549      -1.28732979      -3.82321654E-04  -3.71082854       6.95180845       5.29591751       12.2477264    
   1.29999912       4.54964161       1.41402757       3.49948168      -1.32443798      -3.83651583E-04  -3.71082401       7.00025415       5.24745607       12.2477102    
   1.30999911       4.58463621       1.40059769       3.49947786      -1.36154616      -3.85014515E-04  -3.71081924       7.05007648       5.19761801       12.2476940    
   1.31999910       4.61963081       1.38679671       3.49947405      -1.39865434      -3.86410102E-04  -3.71081471       7.10127640       5.14640236       12.2476788    
   1.32999909       4.65462542       1.37262464       3.49947023      -1.43576241      -3.87838023E-04  -3.71080995       7.15385294       5.09381008       12.2476635    
   1.33999908       4.68962002       1.35808146       3.49946642      -1.47287047      -3.89297929E-04  -3.71080518       7.20780611       5.03984022       12.2476463    
   1.34999907       4.72461462       1.34316719       3.49946260      -1.50997841      -3.90789472E-04  -3.71080041       7.26313686       4.98449326       12.2476301    
   1.35999906       4.75960922       1.32788193       3.49945879      -1.54708636      -3.92312184E-04  -3.71079564       7.31984425       4.92776966       12.2476139    
   1.36999905       4.79460382       1.31222558       3.49945498      -1.58419430      -3.93865863E-04  -3.71079087       7.37792826       4.86966896       12.2475967    
   1.37999904       4.82959843       1.29619813       3.49945092      -1.62130213      -3.95449955E-04  -3.71078587       7.43738890       4.81019115       12.2475796    
   1.38999903       4.86459303       1.27979958       3.49944687      -1.65840995      -3.97064199E-04  -3.71078086       7.49822617       4.74933624       12.2475624    
   1.39999902       4.89958763       1.26302993       3.49944282      -1.69551766      -3.98708275E-04  -3.71077585       7.56044006       4.68710423       12.2475443    
   1.40999901       4.93458223       1.24588919       3.49943876      -1.73262537      -4.00381716E-04  -3.71077085       7.62403107       4.62349463       12.2475262    
   1.41999900       4.96957636       1.22837746       3.49943471      -1.76973307      -4.02084261E-04  -3.71076584       7.68899918       4.55850887       12.2475080    
   1.42999899       5.00457048       1.21049464       3.49943066      -1.80684066      -4.03815473E-04  -3.71076059       7.75534391       4.49214554       12.2474899    
   1.43999898       5.03956461       1.19224072       3.49942660      -1.84394825      -4.05575003E-04  -3.71075535       7.82306576       4.42440510       12.2474709    
   1.44999897       5.07455873       1.17361569       3.49942255      -1.88105571      -4.07362531E-04  -3.71075010       7.89216423       4.35528803       12.2474518    
   1.45999897       5.10955286       1.15461957       3.49941850      -1.91816318      -4.09177592E-04  -3.71074486       7.96263981       4.28479338       12.2474327    
   1.46999896       5.14454699       1.13525248       3.49941444      -1.95527053      -4.11019864E-04  -3.71073937       8.03449249       4.21292210       12.2474146    
   1.47999895       5.17954111       1.11551428       3.49941039      -1.99237788      -4.12889029E-04  -3.71073413       8.10772133       4.13967323       12.2473946    
   1.48999894       5.21453524       1.09540498       3.49940634      -2.02948523      -4.14784707E-04  -3.71072865       8.18232727       4.06504774       12.2473755    
   1.49999893       5.24952936       1.07492459       3.49940228      -2.06659245      -4.16706491E-04  -3.71072292       8.25831032       3.98904514       12.2473555    
   1.50999892       5.28452349       1.05407310       3.49939799      -2.10369968      -4.18654032E-04  -3.71071744       8.33566952       3.91166520       12.2473345    
   1.51999891       5.31951761       1.03285062       3.49939370      -2.14080691      -4.20626951E-04  -3.71071172       8.41440487       3.83290863       12.2473135    
   1.52999890       5.35451126       1.01125705       3.49938941      -2.17791390      -4.22624988E-04  -3.71070600       8.49451733       3.75277495       12.2472925    
   1.53999889       5.38950491      0.989292383       3.49938512      -2.21502090      -4.24647704E-04  -3.71070027       8.57600689       3.67126393       12.2472706    
   1.54999888       5.42449856      0.966956675       3.49938083      -2.25212789      -4.26694751E-04  -3.71069455       8.65887356       3.58837628       12.2472496    
   1.55999887       5.45949221      0.944249868       3.49937654      -2.28923488      -4.28765838E-04  -3.71068859       8.74311638       3.50411129       12.2472277    
   1.56999886       5.49448586      0.921172023       3.49937224      -2.32634163      -4.30860557E-04  -3.71068263       8.82873535       3.41846943       12.2472048    
   1.57999885       5.52947950      0.897723079       3.49936795      -2.36344838      -4.32978675E-04  -3.71067667       8.91573238       3.33145022       12.2471828    
   1.58999884       5.56447315      0.873903096       3.49936366      -2.40055513      -4.35119699E-04  -3.71067071       9.00410557       3.24305439       12.2471600    
   1.59999883       5.59946680      0.849712014       3.49935937      -2.43766189      -4.37283394E-04  -3.71066451       9.09385586       3.15328121       12.2471371    
   1.60999882       5.63446045      0.825149894       3.49935508      -2.47476840      -4.39469441E-04  -3.71065831       9.18498230       3.06213117       12.2471132    
   1.61999881       5.66945410      0.800216675       3.49935079      -2.51187491      -4.41677344E-04  -3.71065211       9.27748585       2.96960402       12.2470894    
   1.62999880       5.70444775      0.774912417       3.49934626      -2.54898143      -4.43906931E-04  -3.71064568       9.37136555       2.87570000       12.2470655    
   1.63999879       5.73944092      0.749237120       3.49934173      -2.58608770      -4.46157850E-04  -3.71063948       9.46662140       2.78041887       12.2470398    
   1.64999878       5.77443409      0.723190725       3.49933720      -2.62319398      -4.48429812E-04  -3.71063304       9.56325340       2.68376064       12.2470140    
   1.65999877       5.80942726      0.696773291       3.49933267      -2.66030025      -4.50722378E-04  -3.71062636       9.66126347       2.58572555       12.2469893    
   1.66999876       5.84442043      0.669984758       3.49932814      -2.69740653      -4.53035376E-04  -3.71061993       9.76064968       2.48631334       12.2469635    
   1.67999876       5.87941360      0.642825186       3.49932361      -2.73451257      -4.55368398E-04  -3.71061325       9.86141205       2.38552427       12.2469368    
   1.68999875       5.91440678      0.615294576       3.49931908      -2.77161860      -4.57721209E-04  -3.71060658       9.96355152       2.28335810       12.2469101    
   1.69999874       5.94939995      0.587392867       3.49931455      -2.80872464      -4.60093463E-04  -3.71059990       10.0670681       2.17981482       12.2468834    
   1.70999873       5.98439312      0.559120119       3.49931002      -2.84583068      -4.62484895E-04  -3.71059299       10.1719618       2.07489467       12.2468567    
   1.71999872       6.01938629      0.530476332       3.49930549      -2.88293648      -4.64895216E-04  -3.71058607       10.2782307       1.96859765       12.2468281    
   1.72999871       6.05437946      0.501461446       3.49930072      -2.92004228      -4.67323989E-04  -3.71057916       10.3858767       1.86092341       12.2468004    
   1.73999870       6.08937263      0.472075522       3.49929595      -2.95714808      -4.69771127E-04  -3.71057224       10.4948988       1.75187230       12.2467709    
   1.74999869       6.12436533      0.442318529       3.49929118      -2.99425364      -4.72236221E-04  -3.71056509       10.6052971       1.64144409       12.2467413    
   1.75999868       6.15935802      0.412190497       3.49928641      -3.03135920      -4.74719040E-04  -3.71055794       10.7170715       1.52963889       12.2467108    
   1.76999867       6.19435072      0.381691396       3.49928164      -3.06846476      -4.77219233E-04  -3.71055055       10.8302240       1.41645670       12.2466812    
   1.77999866       6.22934341      0.350821257       3.49927688      -3.10557008      -4.79736715E-04  -3.71054339       10.9447517       1.30189764       12.2466497    
   1.78999865       6.26433611      0.319580048       3.49927211      -3.14267540      -4.82271076E-04  -3.71053600       11.0606565       1.18596160       12.2466183    
   1.79999864       6.29932880      0.287967801       3.49926734      -3.17978072      -4.84822056E-04  -3.71052861       11.1779385       1.06864846       12.2465868    
   1.80999863       6.33432150      0.255984485       3.49926257      -3.21688604      -4.87389450E-04  -3.71052098       11.2965975      0.949958444       12.2465563    
   1.81999862       6.36931419      0.223630130       3.49925780      -3.25399113      -4.89972939E-04  -3.71051359       11.4166317      0.829891384       12.2465229    
   1.82999861       6.40430689      0.190904722       3.49925280      -3.29109621      -4.92572144E-04  -3.71050596       11.5380421      0.708447397       12.2464895    
   1.83999860       6.43929958      0.157808259       3.49924779      -3.32820129      -4.95187123E-04  -3.71049809       11.6608295      0.585626423       12.2464561    
   1.84999859       6.47429180      0.124340750       3.49924278      -3.36530614      -4.97817411E-04  -3.71049047       11.7849932      0.461428523       12.2464218    
   1.85999858       6.50928402       9.05021951E-02   3.49923778      -3.40241098      -5.00462833E-04  -3.71048260       11.9105330      0.335853636       12.2463865    
   1.86999857       6.54427624       5.62925935E-02   3.49923277      -3.43951583      -5.03123214E-04  -3.71047449       12.0374498      0.208901808       12.2463512    
   1.87999856       6.57926846       2.17119437E-02   3.49922776      -3.47662044      -5.05798147E-04  -3.71046662       12.1657419       8.05730224E-02   12.2463150    
