   0.00000000      -9.81400013     -0.154558510     -0.153042033       0.00000000       3.05865170E-03
   0.00000000      -9.81400013     -0.153752908     -0.150735512       0.00000000       3.05861654E-03
   0.00000000      -9.81400013     -0.152951792     -0.148448929       0.00000000       3.05858161E-03
   0.00000000      -9.81400013     -0.152155206     -0.146182209       0.00000000       3.05854739E-03
   0.00000000      -9.81400013     -0.151363224     -0.143935278       0.00000000       3.05851293E-03
   0.00000000      -9.81400013     -0.150575876     -0.141708031       0.00000000       3.05847940E-03
   0.00000000      -9.81400013     -0.149793237     -0.139500409       0.00000000       3.05844587E-03
   0.00000000      -9.81400013     -0.149015322     -0.137312323       0.00000000       3.05841281E-03
   0.00000000      -9.81400013     -0.148242235     -0.135143653       0.00000000       3.05837998E-03
   0.00000000      -9.81400013     -0.147474021     -0.132994369       0.00000000       3.05834785E-03
   0.00000000      -9.81400013     -0.146710679     -0.130864307       0.00000000       3.05831572E-03
   0.00000000      -9.81400013     -0.145952344     -0.128753468       0.00000000       3.05828429E-03
   0.00000000      -9.81400013     -0.145199046     -0.126661703       0.00000000       3.05825286E-03
   0.00000000      -9.81400013     -0.144450799     -0.124588899       0.00000000       3.05822166E-03
   0.00000000      -9.81400013     -0.143707722     -0.122535035       0.00000000       3.05819139E-03
   0.00000000      -9.81400013     -0.142969862     -0.120499961       0.00000000       3.05816112E-03
   0.00000000      -9.81400013     -0.142237276     -0.118483596       0.00000000       3.05813132E-03
   0.00000000      -9.81400013     -0.141510010     -0.116485819       0.00000000       3.05810175E-03
   0.00000000      -9.81400013     -0.140788138     -0.114506550       0.00000000       3.05807265E-03
   0.00000000      -9.81400013     -0.140071720     -0.112545669       0.00000000       3.05804377E-03
   0.00000000      -9.81400013     -0.139360860     -0.110603094       0.00000000       3.05801537E-03
   0.00000000      -9.81400013     -0.138655558     -0.108678684       0.00000000       3.05798720E-03
   0.00000000      -9.81400013     -0.137955949     -0.106772363       0.00000000       3.05795949E-03
   0.00000000      -9.81400013     -0.137262076     -0.104884014       0.00000000       3.05793225E-03
   0.00000000      -9.81400013     -0.136573970     -0.103013501       0.00000000       3.05790501E-03
   0.00000000      -9.81400013     -0.135891750     -0.101160735       0.00000000       3.05787846E-03
   0.00000000      -9.81400013     -0.135215476      -9.93255824E-02   0.00000000       3.05785192E-03
   0.00000000      -9.81400013     -0.134545207      -9.75079238E-02   0.00000000       3.05782608E-03
   0.00000000      -9.81400013     -0.133881018      -9.57076475E-02   0.00000000       3.05780047E-03
   0.00000000      -9.81400013     -0.133222967      -9.39246044E-02   0.00000000       3.05777509E-03
   0.00000000      -9.81400013     -0.132571131      -9.21586826E-02   0.00000000       3.05775041E-03
   0.00000000      -9.81400013     -0.131925613      -9.04097483E-02   0.00000000       3.05772573E-03
   0.00000000      -9.81400013     -0.131286457      -8.86776820E-02   0.00000000       3.05770175E-03
   0.00000000      -9.81400013     -0.130653769      -8.69623274E-02   0.00000000       3.05767776E-03
   0.00000000      -9.81400013     -0.130027592      -8.52635652E-02   0.00000000       3.05765425E-03
   0.00000000      -9.81400013     -0.129408032      -8.35812539E-02   0.00000000       3.05763120E-03
   0.00000000      -9.81400013     -0.128795147      -8.19152370E-02   0.00000000       3.05760815E-03
   0.00000000      -9.81400013     -0.128189012      -8.02653730E-02   0.00000000       3.05758580E-03
   0.00000000      -9.81400013     -0.127589732      -7.86315352E-02   0.00000000       3.05756391E-03
   0.00000000      -9.81400013     -0.126997381      -7.70135522E-02   0.00000000       3.05754202E-03
   0.00000000      -9.81400013     -0.126412004      -7.54112750E-02   0.00000000       3.05752084E-03
   0.00000000      -9.81400013     -0.125833720      -7.38245398E-02   0.00000000       3.05749988E-03
   0.00000000      -9.81400013     -0.125262603      -7.22531825E-02   0.00000000       3.05747893E-03
   0.00000000      -9.81400013     -0.124698713      -7.06970617E-02   0.00000000       3.05745867E-03
   0.00000000      -9.81400013     -0.124142140      -6.91559911E-02   0.00000000       3.05743888E-03
   0.00000000      -9.81400013     -0.123592988      -6.76298216E-02   0.00000000       3.05741932E-03
   0.00000000      -9.81400013     -0.123051316      -6.61183521E-02   0.00000000       3.05740000E-03
   0.00000000      -9.81400013     -0.122517250      -6.46214485E-02   0.00000000       3.05738137E-03
   0.00000000      -9.81400013     -0.121990800      -6.31388798E-02   0.00000000       3.05736251E-03
   0.00000000      -9.81400013     -0.121472098      -6.16705008E-02   0.00000000       3.05734412E-03
   0.00000000      -9.81400013     -0.120961212      -6.02161139E-02   0.00000000       3.05732642E-03
   0.00000000      -9.81400013     -0.120458245      -5.87755442E-02   0.00000000       3.05730919E-03
   0.00000000      -9.81400013     -0.119963259      -5.73485792E-02   0.00000000       3.05729220E-03
   0.00000000      -9.81400013     -0.119476356      -5.59350401E-02   0.00000000       3.05727520E-03
   0.00000000      -9.81400013     -0.118997589      -5.45347109E-02   0.00000000       3.05725867E-03
   0.00000000      -9.81400013     -0.118527070      -5.31474054E-02   0.00000000       3.05724260E-03
   0.00000000      -9.81400013     -0.118064873      -5.17729148E-02   0.00000000       3.05722700E-03
   0.00000000      -9.81400013     -0.117611058      -5.04110195E-02   0.00000000       3.05721164E-03
   0.00000000      -9.81400013     -0.117165737      -4.90615182E-02   0.00000000       3.05719650E-03
   0.00000000      -9.81400013     -0.116728984      -4.77241874E-02   0.00000000       3.05718184E-03
   0.00000000      -9.81400013     -0.116300881      -4.63988148E-02   0.00000000       3.05716787E-03
   0.00000000      -9.81400013     -0.115881503      -4.50851656E-02   0.00000000       3.05715366E-03
   0.00000000      -9.81400013     -0.115470931      -4.37830202E-02   0.00000000       3.05713993E-03
   0.00000000      -9.81400013     -0.115069240      -4.24921475E-02   0.00000000       3.05712665E-03
   0.00000000      -9.81400013     -0.114676520      -4.12123203E-02   0.00000000       3.05711385E-03
   0.00000000      -9.81400013     -0.114292853      -3.99432927E-02   0.00000000       3.05710128E-03
   0.00000000      -9.81400013     -0.113918312      -3.86848301E-02   0.00000000       3.05708917E-03
   0.00000000      -9.81400013     -0.113552935      -3.74366753E-02   0.00000000       3.05707706E-03
   0.00000000      -9.81400013     -0.113196857      -3.61985974E-02   0.00000000       3.05706589E-03
   0.00000000      -9.81400013     -0.112850115      -3.49703357E-02   0.00000000       3.05705471E-03
   0.00000000      -9.81400013     -0.112512782      -3.37516405E-02   0.00000000       3.05704400E-03
   0.00000000      -9.81400013     -0.112184934      -3.25422473E-02   0.00000000       3.05703352E-03
   0.00000000      -9.81400013     -0.111866623      -3.13418955E-02   0.00000000       3.05702328E-03
   0.00000000      -9.81400013     -0.111557975      -3.01503334E-02   0.00000000       3.05701373E-03
   0.00000000      -9.81400013     -0.111258991      -2.89672818E-02   0.00000000       3.05700419E-03
   0.00000000      -9.81400013     -0.110969782      -2.77924761E-02   0.00000000       3.05699534E-03
   0.00000000      -9.81400013     -0.110690363      -2.66256314E-02   0.00000000       3.05698649E-03
   0.00000000      -9.81400013     -0.110420838      -2.54664887E-02   0.00000000       3.05697811E-03
   0.00000000      -9.81400013     -0.110161245      -2.43147574E-02   0.00000000       3.05697019E-03
   0.00000000      -9.81400013     -0.109911628      -2.31701545E-02   0.00000000       3.05696251E-03
   0.00000000      -9.81400013     -0.109672062      -2.20323969E-02   0.00000000       3.05695529E-03
   0.00000000      -9.81400013     -0.109442607      -2.09011994E-02   0.00000000       3.05694854E-03
   0.00000000      -9.81400013     -0.109223284      -1.97762679E-02   0.00000000       3.05694179E-03
   0.00000000      -9.81400013     -0.109014176      -1.86573155E-02   0.00000000       3.05693550E-03
   0.00000000      -9.81400013     -0.108815290      -1.75440405E-02   0.00000000       3.05692968E-03
   0.00000000      -9.81400013     -0.108626679      -1.64361466E-02   0.00000000       3.05692409E-03
   0.00000000      -9.81400013     -0.108448416      -1.53333377E-02   0.00000000       3.05691897E-03
   0.00000000      -9.81400013     -0.108280510      -1.42353112E-02   0.00000000       3.05691408E-03
   0.00000000      -9.81400013     -0.108122975      -1.31417587E-02   0.00000000       3.05690966E-03
   0.00000000      -9.81400013     -0.107975893      -1.20523833E-02   0.00000000       3.05690570E-03
   0.00000000      -9.81400013     -0.107839279      -1.09668737E-02   0.00000000       3.05690197E-03
   0.00000000      -9.81400013     -0.107713141      -9.88491997E-03   0.00000000       3.05689848E-03
   0.00000000      -9.81400013     -0.107597500      -8.80621374E-03   0.00000000       3.05689522E-03
   0.00000000      -9.81400013     -0.107492395      -7.73044536E-03   0.00000000       3.05689266E-03
   0.00000000      -9.81400013     -0.107397832      -6.65730098E-03   0.00000000       3.05689033E-03
   0.00000000      -9.81400013     -0.107313834      -5.58646815E-03   0.00000000       3.05688847E-03
   0.00000000      -9.81400013     -0.107240416      -4.51763393E-03   0.00000000       3.05688661E-03
   0.00000000      -9.81400013     -0.107177593      -3.45048308E-03   0.00000000       3.05688544E-03
   0.00000000      -9.81400013     -0.107125342      -2.38470058E-03   0.00000000       3.05688451E-03
   0.00000000      -9.81400013     -0.107083701      -1.31997105E-03   0.00000000       3.05688381E-03
   0.00000000      -9.81400013     -0.107083701      -1.31997105E-03   0.00000000       3.05688381E-03
   0.00000000      -9.81400013     -0.107052639      -2.55972613E-04   0.00000000       3.05688358E-03
   0.00000000      -9.81400013     -0.107032180       8.07597535E-04   0.00000000       3.05688358E-03
   0.00000000      -9.81400013     -0.107022300       1.87106128E-03   0.00000000       3.05688404E-03
   0.00000000      -9.81400013     -0.107022993       2.93473387E-03   0.00000000       3.05688474E-03
   0.00000000      -9.81400013     -0.107034259       3.99893057E-03   0.00000000       3.05688591E-03
   0.00000000      -9.81400013     -0.107056059       5.06396499E-03   0.00000000       3.05688754E-03
   0.00000000      -9.81400013     -0.107088372       6.13015005E-03   0.00000000       3.05688940E-03
   0.00000000      -9.81400013     -0.107131198       7.19780009E-03   0.00000000       3.05689150E-03
   0.00000000      -9.81400013     -0.107184492       8.26722383E-03   0.00000000       3.05689406E-03
   0.00000000      -9.81400013     -0.107248254       9.33873560E-03   0.00000000       3.05689708E-03
   0.00000000      -9.81400013     -0.107322417       1.04126409E-02   0.00000000       3.05690011E-03
   0.00000000      -9.81400013     -0.107406981       1.14892498E-02   0.00000000       3.05690384E-03
   0.00000000      -9.81400013     -0.107501872       1.25688668E-02   0.00000000       3.05690779E-03
   0.00000000      -9.81400013     -0.107607082       1.36517957E-02   0.00000000       3.05691198E-03
   0.00000000      -9.81400013     -0.107722558       1.47383399E-02   0.00000000       3.05691664E-03
   0.00000000      -9.81400013     -0.107848257       1.58287995E-02   0.00000000       3.05692153E-03
   0.00000000      -9.81400013     -0.107984126       1.69234741E-02   0.00000000       3.05692712E-03
   0.00000000      -9.81400013     -0.108130120       1.80226564E-02   0.00000000       3.05693247E-03
   0.00000000      -9.81400013     -0.108286172       1.91266425E-02   0.00000000       3.05693876E-03
   0.00000000      -9.81400013     -0.108452253       2.02357229E-02   0.00000000       3.05694505E-03
   0.00000000      -9.81400013     -0.108628280       2.13501863E-02   0.00000000       3.05695180E-03
   0.00000000      -9.81400013     -0.108814195       2.24703159E-02   0.00000000       3.05695878E-03
   0.00000000      -9.81400013     -0.109009959       2.35963967E-02   0.00000000       3.05696647E-03
   0.00000000      -9.81400013     -0.109215468       2.47287061E-02   0.00000000       3.05697415E-03
   0.00000000      -9.81400013     -0.109430671       2.58675218E-02   0.00000000       3.05698207E-03
   0.00000000      -9.81400013     -0.109655507       2.70131174E-02   0.00000000       3.05699068E-03
   0.00000000      -9.81400013     -0.109889895       2.81657651E-02   0.00000000       3.05699953E-03
   0.00000000      -9.81400013     -0.110133767       2.93257330E-02   0.00000000       3.05700884E-03
   0.00000000      -9.81400013     -0.110387050       3.04932818E-02   0.00000000       3.05701839E-03
   0.00000000      -9.81400013     -0.110649645       3.16686705E-02   0.00000000       3.05702817E-03
   0.00000000      -9.81400013     -0.110921502       3.28521580E-02   0.00000000       3.05703841E-03
   0.00000000      -9.81400013     -0.111202523       3.40440013E-02   0.00000000       3.05704889E-03
   0.00000000      -9.81400013     -0.111492634       3.52444425E-02   0.00000000       3.05706006E-03
   0.00000000      -9.81400013     -0.111791745       3.64537314E-02   0.00000000       3.05707124E-03
   0.00000000      -9.81400013     -0.112099782       3.76721099E-02   0.00000000       3.05708288E-03
   0.00000000      -9.81400013     -0.112416662       3.88998240E-02   0.00000000       3.05709499E-03
   0.00000000      -9.81400013     -0.112742290       4.01370972E-02   0.00000000       3.05710710E-03
   0.00000000      -9.81400013     -0.113076575       4.13841642E-02   0.00000000       3.05711990E-03
   0.00000000      -9.81400013     -0.113419414       4.26412486E-02   0.00000000       3.05713294E-03
   0.00000000      -9.81400013     -0.113770746       4.39085774E-02   0.00000000       3.05714644E-03
   0.00000000      -9.81400013     -0.114130452       4.51863743E-02   0.00000000       3.05716018E-03
   0.00000000      -9.81400013     -0.114498459       4.64748479E-02   0.00000000       3.05717415E-03
   0.00000000      -9.81400013     -0.114874646       4.77742031E-02   0.00000000       3.05718859E-03
   0.00000000      -9.81400013     -0.115258947       4.90846634E-02   0.00000000       3.05720326E-03
   0.00000000      -9.81400013     -0.115651272       5.04064262E-02   0.00000000       3.05721839E-03
   0.00000000      -9.81400013     -0.116051517       5.17396927E-02   0.00000000       3.05723399E-03
   0.00000000      -9.81400013     -0.116459601       5.30846529E-02   0.00000000       3.05724982E-03
   0.00000000      -9.81400013     -0.116875418       5.44415116E-02   0.00000000       3.05726612E-03
   0.00000000      -9.81400013     -0.117298841       5.58104366E-02   0.00000000       3.05728242E-03
   0.00000000      -9.81400013     -0.117729820       5.71916252E-02   0.00000000       3.05729918E-03
   0.00000000      -9.81400013     -0.118168242       5.85852601E-02   0.00000000       3.05731641E-03
   0.00000000      -9.81400013     -0.118614033       5.99915236E-02   0.00000000       3.05733411E-03
   0.00000000      -9.81400013     -0.119067051       6.14105649E-02   0.00000000       3.05735180E-03
   0.00000000      -9.81400013     -0.119527221       6.28425702E-02   0.00000000       3.05737020E-03
   0.00000000      -9.81400013     -0.119994454       6.42877072E-02   0.00000000       3.05738882E-03
   0.00000000      -9.81400013     -0.120468654       6.57461360E-02   0.00000000       3.05740791E-03
   0.00000000      -9.81400013     -0.120949715       6.72180057E-02   0.00000000       3.05742724E-03
   0.00000000      -9.81400013     -0.121437557       6.87034801E-02   0.00000000       3.05744680E-03
   0.00000000      -9.81400013     -0.121932067       7.02027082E-02   0.00000000       3.05746682E-03
   0.00000000      -9.81400013     -0.122433186       7.17158392E-02   0.00000000       3.05748731E-03
   0.00000000      -9.81400013     -0.122940794       7.32430145E-02   0.00000000       3.05750780E-03
   0.00000000      -9.81400013     -0.123454779       7.47843683E-02   0.00000000       3.05752899E-03
   0.00000000      -9.81400013     -0.123975076       7.63400495E-02   0.00000000       3.05755041E-03
   0.00000000      -9.81400013     -0.124501579       7.79101849E-02   0.00000000       3.05757206E-03
   0.00000000      -9.81400013     -0.125034198       7.94949085E-02   0.00000000       3.05759418E-03
   0.00000000      -9.81400013     -0.125572845       8.10943320E-02   0.00000000       3.05761653E-03
   0.00000000      -9.81400013     -0.126117423       8.27086121E-02   0.00000000       3.05763935E-03
   0.00000000      -9.81400013     -0.126667842       8.43378380E-02   0.00000000       3.05766240E-03
   0.00000000      -9.81400013     -0.127224013       8.59821290E-02   0.00000000       3.05768568E-03
   0.00000000      -9.81400013     -0.127785861       8.76416266E-02   0.00000000       3.05770966E-03
   0.00000000      -9.81400013     -0.128353283       8.93164352E-02   0.00000000       3.05773411E-03
   0.00000000      -9.81400013     -0.128926173       9.10066292E-02   0.00000000       3.05775832E-03
   0.00000000      -9.81400013     -0.129504487       9.27123502E-02   0.00000000       3.05778347E-03
   0.00000000      -9.81400013     -0.130088106       9.44336951E-02   0.00000000       3.05780862E-03
   0.00000000      -9.81400013     -0.130676955       9.61707458E-02   0.00000000       3.05783399E-03
   0.00000000      -9.81400013     -0.131270960       9.79236215E-02   0.00000000       3.05786007E-03
   0.00000000      -9.81400013     -0.131870016       9.96924117E-02   0.00000000       3.05788638E-03
   0.00000000      -9.81400013     -0.132474035      0.101477183       0.00000000       3.05791269E-03
   0.00000000      -9.81400013     -0.133082986      0.103278071       0.00000000       3.05793993E-03
   0.00000000      -9.81400013     -0.133696705      0.105095118       0.00000000       3.05796717E-03
   0.00000000      -9.81400013     -0.134315178      0.106928430       0.00000000       3.05799465E-03
   0.00000000      -9.81400013     -0.134938300      0.108778082       0.00000000       3.05802259E-03
   0.00000000      -9.81400013     -0.135566011      0.110644162       0.00000000       3.05805099E-03
   0.00000000      -9.81400013     -0.136198208      0.112526745       0.00000000       3.05807986E-03
   0.00000000      -9.81400013     -0.136834815      0.114425883       0.00000000       3.05810873E-03
   0.00000000      -9.81400013     -0.137475789      0.116341688       0.00000000       3.05813807E-03
   0.00000000      -9.81400013     -0.138121009      0.118274197       0.00000000       3.05816787E-03
   0.00000000      -9.81400013     -0.138770416      0.120223500       0.00000000       3.05819791E-03
   0.00000000      -9.81400013     -0.139423966      0.122189656       0.00000000       3.05822841E-03
   0.00000000      -9.81400013     -0.140081555      0.124172710       0.00000000       3.05825914E-03
   0.00000000      -9.81400013     -0.140743136      0.126172766       0.00000000       3.05829034E-03
   0.00000000      -9.81400013     -0.141408637      0.128189847       0.00000000       3.05832177E-03
   0.00000000      -9.81400013     -0.142077953      0.130224019       0.00000000       3.05835367E-03
   0.00000000      -9.81400013     -0.142751008      0.132275313       0.00000000       3.05838557E-03
   0.00000000      -9.81400013     -0.143427789      0.134343818       0.00000000       3.05841793E-03
   0.00000000      -9.81400013     -0.144108191      0.136429593       0.00000000       3.05845100E-03
   0.00000000      -9.81400013     -0.144792154      0.138532653       0.00000000       3.05848429E-03
   0.00000000      -9.81400013     -0.145479605      0.140653059       0.00000000       3.05851758E-03
   0.00000000      -9.81400013     -0.146170527      0.142790899       0.00000000       3.05855158E-03
   0.00000000      -9.81400013     -0.146170527      0.142790899       0.00000000       3.05855158E-03
   0.00000000      -9.81400013     -0.146864817      0.144946173       0.00000000       3.05858580E-03
   0.00000000      -9.81400013     -0.147562385      0.147118941       0.00000000       3.05862050E-03
   0.00000000      -9.81400013     -0.148263231      0.149309233       0.00000000       3.05865542E-03
