   9.99999978E-03   197.985916       1.95301986       199.938934    
   1.99999996E-02   195.992310       3.88648248       199.878799    
   2.99999993E-02   194.019165       5.80039167       199.819550    
   3.99999991E-02   192.066452       7.69475317       199.761200    
   4.99999970E-02   190.134186       9.56957054       199.703751    
   5.99999949E-02   188.222305       11.4248476       199.647156    
   6.99999928E-02   186.330841       13.2605906       199.591431    
   7.99999908E-02   184.459732       15.0768023       199.536530    
   8.99999887E-02   182.608978       16.8734875       199.482468    
   9.99999866E-02   180.778564       18.6506519       199.429214    
  0.109999985       178.968475       20.4082966       199.376770    
  0.119999982       177.178696       22.1464291       199.325119    
  0.129999980       175.409195       23.8650513       199.274246    
  0.139999986       173.659927       25.5641670       199.224091    
  0.149999991       171.930939       27.2437840       199.174728    
  0.159999996       170.222183       28.9039021       199.126083    
  0.170000002       168.533646       30.5445290       199.078171    
  0.180000007       166.865311       32.1656647       199.030975    
  0.190000013       165.217163       33.7673149       198.984482    
  0.200000018       163.589157       35.3494873       198.938644    
  0.210000023       161.981339       36.9121742       198.893509    
  0.220000029       160.393631       38.4553947       198.849030    
  0.230000034       158.826065       39.9791412       198.805206    
  0.240000039       157.278610       41.4834213       198.762024    
  0.250000030       155.751236       42.9682350       198.719467    
  0.260000020       154.243958       44.4335938       198.677551    
  0.270000011       152.756744       45.8794937       198.636230    
  0.280000001       151.289566       47.3059425       198.595505    
  0.289999992       149.842438       48.7129440       198.555389    
  0.299999982       148.415314       50.1005020       198.515808    
  0.309999973       147.008194       51.4686165       198.476807    
  0.319999963       145.621048       52.8172913       198.438339    
  0.329999954       144.253891       54.1465378       198.400421    
  0.339999944       142.906708       55.4563446       198.363052    
  0.349999934       141.579453       56.7467308       198.326187    
  0.359999925       140.272141       58.0176888       198.289825    
  0.369999915       138.984756       59.2692261       198.253983    
  0.379999906       137.717270       60.5013504       198.218628    
  0.389999896       136.469696       61.7140541       198.183746    
  0.399999887       135.241989       62.9073524       198.149338    
  0.409999877       134.034149       64.0812378       198.115387    
  0.419999868       132.846176       65.2357178       198.081894    
  0.429999858       131.678055       66.3708038       198.048859    
  0.439999849       130.529739       67.4864807       198.016220    
  0.449999839       129.401245       68.5827713       197.984009    
  0.459999830       128.292557       69.6596603       197.952209    
  0.469999820       127.203674       70.7171631       197.920837    
  0.479999810       126.134583       71.7552795       197.889862    
  0.489999801       125.085243       72.7740173       197.859253    
  0.499999791       124.055672       73.7733688       197.829041    
  0.509999812       123.045837       74.7533417       197.799179    
  0.519999802       122.055740       75.7139435       197.769684    
  0.529999793       121.085373       76.6551666       197.740540    
  0.539999783       120.134720       77.5770264       197.711746    
  0.549999774       119.203766       78.4795227       197.683289    
  0.559999764       118.292503       79.3626480       197.655151    
  0.569999754       117.400917       80.2264099       197.627319    
  0.579999745       116.528984       81.0708237       197.599808    
  0.589999735       115.676712       81.8958740       197.572586    
  0.599999726       114.844093       82.7015762       197.545670    
  0.609999716       114.031105       83.4879227       197.519028    
  0.619999707       113.237747       84.2549210       197.492676    
  0.629999697       112.463997       85.0025787       197.466583    
  0.639999688       111.709846       85.7308884       197.440735    
  0.649999678       110.975281       86.4398575       197.415131    
  0.659999669       110.260323       87.1294937       197.389816    
  0.669999659       109.564934       87.7997894       197.364716    
  0.679999650       108.889099       88.4507523       197.339844    
  0.689999640       108.232811       89.0823898       197.315201    
  0.699999630       107.596085       89.6946945       197.290771    
  0.709999621       106.978874       90.2876740       197.266541    
  0.719999611       106.381195       90.8613358       197.242523    
  0.729999602       105.803024       91.4156723       197.218689    
  0.739999592       105.244377       91.9506912       197.195068    
  0.749999583       104.705215       92.4663925       197.171600    
  0.759999573       104.185547       92.9627838       197.148331    
  0.769999564       103.685349       93.4398651       197.125214    
  0.779999554       103.204620       93.8976288       197.102249    
  0.789999545       102.743362       94.3360825       197.079437    
  0.799999535       102.301537       94.7552414       197.056778    
  0.809999526       101.879158       95.1550980       197.034256    
  0.819999516       101.476204       95.5356445       197.011841    
  0.829999506       101.092682       95.8968964       196.989578    
  0.839999497       100.728569       96.2388611       196.967438    
  0.849999487       100.383858       96.5615234       196.945374    
  0.859999478       100.058548       96.8648987       196.923447    
  0.869999468       99.7526169       97.1489868       196.901611    
  0.879999459       99.4660797       97.4137878       196.879868    
  0.889999449       99.1988907       97.6593018       196.858185    
  0.899999440       98.9510727       97.8855362       196.836609    
  0.909999430       98.7226181       98.0924911       196.815109    
  0.919999421       98.5134964       98.2801666       196.793671    
  0.929999411       98.3237076       98.4485626       196.772278    
  0.939999402       98.1532440       98.5976868       196.750931    
  0.949999392       98.0020981       98.7275314       196.729630    
  0.959999382       97.8702621       98.8381195       196.708374    
  0.969999373       97.7577286       98.9294281       196.687164    
  0.979999363       97.6644974       99.0014725       196.665970    
  0.989999354       97.5905380       99.0542603       196.644806    
  0.999999344       97.5358658       99.0877838       196.623657    
   1.00999939       97.5358658       99.0877838       196.623657    
   1.00999939       97.5004578       99.1020508       196.602509    
   1.01999938       97.4843216       99.0970535       196.581375    
   1.02999938       97.4874268       99.0727997       196.560226    
   1.03999937       97.5097809       99.0292969       196.539078    
   1.04999936       97.5513687       98.9665451       196.517914    
   1.05999935       97.6121902       98.8845367       196.496735    
   1.06999934       97.6922150       98.7832870       196.475494    
   1.07999933       97.7914505       98.6627960       196.454254    
   1.08999932       97.9098816       98.5230637       196.432953    
   1.09999931       98.0475159       98.3640823       196.411591    
   1.10999930       98.2043381       98.1858597       196.390198    
   1.11999929       98.3803253       97.9884109       196.368744    
   1.12999928       98.5754776       97.7717209       196.347198    
   1.13999927       98.7897949       97.5357971       196.325592    
   1.14999926       99.0232620       97.2806549       196.303925    
   1.15999925       99.2758789       97.0062714       196.282150    
   1.16999924       99.5476151       96.7126694       196.260284    
   1.17999923       99.8384933       96.3998413       196.238342    
   1.18999922       100.148468       96.0677948       196.216263    
   1.19999921       100.477577       95.7165298       196.194107    
   1.20999920       100.825775       95.3460464       196.171814    
   1.21999919       101.193054       94.9563522       196.149414    
   1.22999918       101.579422       94.5474396       196.126862    
   1.23999918       101.984871       94.1193161       196.104187    
   1.24999917       102.409378       93.6719818       196.081360    
   1.25999916       102.852936       93.2054443       196.058380    
   1.26999915       103.315544       92.7197037       196.035248    
   1.27999914       103.797180       92.2147598       196.011932    
   1.28999913       104.297852       91.6906128       195.988464    
   1.29999912       104.817543       91.1472778       195.964813    
   1.30999911       105.356239       90.5847397       195.940979    
   1.31999910       105.913933       90.0030136       195.916946    
   1.32999909       106.490623       89.4020920       195.892715    
   1.33999908       107.086288       88.7819901       195.868286    
   1.34999907       107.700935       88.1427002       195.843628    
   1.35999906       108.334557       87.4842300       195.818787    
   1.36999905       108.987129       86.8065720       195.793701    
   1.37999904       109.658646       86.1097412       195.768387    
   1.38999903       110.349098       85.3937302       195.742828    
   1.39999902       111.058472       84.6585541       195.717026    
   1.40999901       111.786758       83.9041977       195.690948    
   1.41999900       112.533943       83.1306763       195.664612    
   1.42999899       113.300018       82.3379974       195.638016    
   1.43999898       114.084984       81.5261459       195.611130    
   1.44999897       114.888824       80.6951370       195.583954    
   1.45999897       115.711533       79.8449707       195.556503    
   1.46999896       116.553101       78.9756470       195.528748    
   1.47999895       117.413513       78.0871735       195.500687    
   1.48999894       118.292755       77.1795502       195.472305    
   1.49999893       119.190819       76.2527695       195.443588    
   1.50999892       120.107697       75.3068542       195.414551    
   1.51999891       121.043381       74.3417969       195.385178    
   1.52999890       121.997856       73.3575974       195.355453    
   1.53999889       122.971100       72.3542709       195.325378    
   1.54999888       123.963112       71.3318024       195.294922    
   1.55999887       124.973885       70.2901993       195.264084    
   1.56999886       126.003403       69.2294769       195.232880    
   1.57999885       127.051651       68.1496277       195.201279    
   1.58999884       128.118637       67.0506516       195.169281    
   1.59999883       129.204330       65.9325638       195.136902    
   1.60999882       130.308731       64.7953568       195.104095    
   1.61999881       131.431793       63.6390343       195.070831    
   1.62999880       132.573563       62.4636002       195.037170    
   1.63999879       133.733978       61.2690620       195.003036    
   1.64999878       134.913055       60.0554199       194.968475    
   1.65999877       136.110764       58.8226738       194.933441    
   1.66999876       137.327087       57.5708313       194.897919    
   1.67999876       138.562057       56.2998962       194.861954    
   1.68999875       139.815613       55.0098686       194.825485    
   1.69999874       141.087753       53.7007484       194.788498    
   1.70999873       142.378479       52.3725471       194.751022    
   1.71999872       143.687759       51.0252686       194.713028    
   1.72999871       145.015594       49.6589088       194.674500    
   1.73999870       146.361984       48.2734756       194.635468    
   1.74999869       147.726883       46.8689690       194.595856    
   1.75999868       149.110306       45.4453964       194.555695    
   1.76999867       150.512207       44.0027580       194.514969    
   1.77999866       151.932602       42.5410614       194.473663    
   1.78999865       153.371475       41.0603027       194.431778    
   1.79999864       154.828796       39.5604897       194.389282    
   1.80999863       156.304565       38.0416260       194.346191    
   1.81999862       157.798737       36.5037155       194.302460    
   1.82999861       159.311356       34.9467659       194.258118    
   1.83999860       160.842361       33.3707733       194.213135    
   1.84999859       162.391754       31.7757435       194.167496    
   1.85999858       163.959534       30.1616821       194.121216    
   1.86999857       165.545654       28.5285931       194.074249    
   1.87999856       167.150116       26.8764782       194.026596    
   1.88999856       168.772903       25.2053432       193.978241    
   1.89999855       170.414001       23.5151901       193.929199    
   1.90999854       172.073410       21.8060265       193.879440    
   1.91999853       173.751114       20.0778503       193.828964    
   1.92999852       175.447067       18.3306713       193.777740    
   1.93999851       177.161270       16.5644894       193.725754    
   1.94999850       178.893707       14.7793112       193.673019    
   1.95999849       180.644348       12.9751406       193.619492    
   1.96999848       182.413208       11.1519804       193.565186    
   1.97999847       184.200241       9.30983448       193.510071    
   1.98999846       186.005463       7.44870853       193.454178    
   1.99999845       186.005463       7.44870853       193.454178    
   1.99999845       187.828842       5.56860542       193.397446    
   2.00999856       189.670364       3.66950750       193.339874    
   2.01999855       191.529999       1.75146413       193.281464    
