   9.99999978E-03   9.99922454E-02   9.95017216E-02   9.99845028       9.90034866     -0.154558510      -9.96398354    
   1.99999996E-02  0.199969038      0.198007047       9.99690914       9.80072021     -0.153752908      -9.96167660    
   2.99999993E-02  0.299930453      0.295516193       9.99537563       9.70111465     -0.152951792      -9.95939064    
   3.99999991E-02  0.399876565      0.392029405       9.99384975       9.60153198     -0.152155206      -9.95712376    
   4.99999970E-02  0.499807447      0.487546891       9.99233246       9.50197220     -0.151363224      -9.95487690    
   5.99999949E-02  0.599723220      0.582068861       9.99082279       9.40243435     -0.150575876      -9.95265007    
   6.99999928E-02  0.699623883      0.675595582       9.98932076       9.30291939     -0.149793237      -9.95044231    
   7.99999908E-02  0.799509585      0.768127263       9.98782635       9.20342636     -0.149015322      -9.94825363    
   8.99999887E-02  0.899380386      0.859664142       9.98634052       9.10395432     -0.148242235      -9.94608498    
   9.99999866E-02  0.999236405      0.950206399       9.98486233       9.00450420     -0.147474021      -9.94393635    
  0.109999985       1.09907770       1.03975427       9.98339176       8.90507507     -0.146710679      -9.94180584    
  0.119999982       1.19890428       1.12830794       9.98192883       8.80566788     -0.145952344      -9.93969536    
  0.129999980       1.29871631       1.21586764       9.98047352       8.70628166     -0.145199046      -9.93760395    
  0.139999986       1.39851391       1.30243361       9.97902489       8.60691547     -0.144450799      -9.93553066    
  0.149999991       1.49829698       1.38800609       9.97758389       8.50757027     -0.143707722      -9.93347740    
  0.159999996       1.59806573       1.47258520       9.97615051       8.40824604     -0.142969862      -9.93144226    
  0.170000002       1.69782019       1.55617118       9.97472477       8.30894184     -0.142237276      -9.92942524    
  0.180000007       1.79756045       1.63876426       9.97330570       8.20965767     -0.141510010      -9.92742825    
  0.190000013       1.89728653       1.72036457       9.97189426       8.11039352     -0.140788138      -9.92544842    
  0.200000018       1.99699855       1.80097234       9.97048950       8.01114845     -0.140071720      -9.92348766    
  0.210000023       2.09669662       1.88058770       9.96909237       7.91192341     -0.139360860      -9.92154503    
  0.220000029       2.19638062       1.95921099       9.96770191       7.81271744     -0.138655558      -9.91962051    
  0.230000034       2.29605079       2.03684235       9.96631908       7.71353054     -0.137955949      -9.91771412    
  0.240000039       2.39570713       2.11348176       9.96494293       7.61436272     -0.137262076      -9.91582584    
  0.250000030       2.49534965       2.18912959       9.96357346       7.51521397     -0.136573970      -9.91395569    
  0.260000020       2.59497857       2.26378608       9.96221161       7.41608381     -0.135891750      -9.91210270    
  0.270000011       2.69459391       2.33745122       9.96085644       7.31697226     -0.135215476      -9.91026783    
  0.280000001       2.79419565       2.41012549       9.95950794       7.21787882     -0.134545207      -9.90845013    
  0.289999992       2.89378381       2.48180890       9.95816612       7.11880350     -0.133881018      -9.90664959    
  0.299999982       2.99335861       2.55250168       9.95683098       7.01974583     -0.133222967      -9.90486717    
  0.309999973       3.09292006       2.62220383       9.95550156       6.92070627     -0.132571131      -9.90310097    
  0.319999963       3.19246840       2.69091558       9.95417881       6.82168388     -0.131925613      -9.90135193    
  0.329999954       3.29200363       2.75863743       9.95286274       6.72267914     -0.131286457      -9.89962006    
  0.339999944       3.39152551       2.82536912       9.95155334       6.62369156     -0.130653769      -9.89790440    
  0.349999934       3.49103451       2.89111114       9.95024967       6.52472115     -0.130027592      -9.89620590    
  0.359999925       3.59053040       2.95586348       9.94895267       6.42576742     -0.129408032      -9.89452362    
  0.369999915       3.69001341       3.01962638       9.94766140       6.32683039     -0.128795147      -9.89285755    
  0.379999906       3.78948355       3.08240008       9.94637680       6.22791004     -0.128189012      -9.89120770    
  0.389999896       3.88894081       3.14418459       9.94509792       6.12900639     -0.127589732      -9.88957405    
  0.399999887       3.98838544       3.20498013       9.94382477       6.03011894     -0.126997381      -9.88795567    
  0.409999877       4.08781719       3.26478696       9.94255733       5.93124771     -0.126412004      -9.88635349    
  0.419999868       4.18723631       3.32360506       9.94129658       5.83239222     -0.125833720      -9.88476753    
  0.429999858       4.28664303       3.38143468       9.94004154       5.73355246     -0.125262603      -9.88319588    
  0.439999849       4.38603687       3.43827605       9.93879128       5.63472843     -0.124698713      -9.88163948    
  0.449999839       4.48541832       3.49412918       9.93754673       5.53591967     -0.124142140      -9.88009834    
  0.459999830       4.58478737       3.54899430       9.93630791       5.43712664     -0.123592988      -9.87857246    
  0.469999820       4.68414402       3.60287166       9.93507481       5.33834839     -0.123051316      -9.87706089    
  0.479999810       4.78348875       3.65576124       9.93384743       5.23958540     -0.122517250      -9.87556458    
  0.489999801       4.88282108       3.70766330       9.93262482       5.14083719     -0.121990800      -9.87408161    
  0.499999791       4.98214102       3.75857782       9.93140793       5.04210377     -0.121472098      -9.87261295    
  0.509999812       5.08144903       3.80850530       9.93019581       4.94338465     -0.120961212      -9.87115860    
  0.519999802       5.18074465       3.85744548       9.92898846       4.84468031     -0.120458245      -9.86971855    
  0.529999793       5.28002834       3.90539885       9.92778683       4.74599028     -0.119963259      -9.86829185    
  0.539999783       5.37930012       3.95236540       9.92658997       4.64731455     -0.119476356      -9.86687756    
  0.549999774       5.47855997       3.99834514       9.92539787       4.54865265     -0.118997589      -9.86547756    
  0.559999764       5.57780790       4.04333830       9.92421055       4.45000505     -0.118527070      -9.86408997    
  0.569999754       5.67704391       4.08734512       9.92302799       4.35137129     -0.118064873      -9.86271572    
  0.579999745       5.77626801       4.13036585       9.92184925       4.25275087     -0.117611058      -9.86135387    
  0.589999735       5.87548065       4.17240047       9.92067528       4.15414429     -0.117165737      -9.86000443    
  0.599999726       5.97468138       4.21344900       9.91950607       4.05555105     -0.116728984      -9.85866737    
  0.609999716       6.07387066       4.25351143       9.91834068       3.95697117     -0.116300881      -9.85734177    
  0.619999707       6.17304802       4.29258823       9.91718006       3.85840440     -0.115881503      -9.85602856    
  0.629999697       6.27221394       4.33067942       9.91602325       3.75985074     -0.115470931      -9.85472584    
  0.639999688       6.37136841       4.36778498       9.91487026       3.66130996     -0.115069240      -9.85343552    
  0.649999678       6.47051144       4.40390539       9.91372108       3.56278205     -0.114676520      -9.85215569    
  0.659999669       6.56964302       4.43904066       9.91257668       3.46426702     -0.114292853      -9.85088634    
  0.669999659       6.66876316       4.47319078       9.91143608       3.36576462     -0.113918312      -9.84962749    
  0.679999650       6.76787186       4.50635576       9.91029835       3.26727462     -0.113552935      -9.84838009    
  0.689999640       6.86696911       4.53853607       9.90916443       3.16879702     -0.113196857      -9.84714127    
  0.699999630       6.96605492       4.56973171       9.90803432       3.07033181     -0.112850115      -9.84591389    
  0.709999621       7.06512976       4.59994268       9.90690708       2.97187877     -0.112512782      -9.84469509    
  0.719999611       7.16419315       4.62916946       9.90578365       2.87343788     -0.112184934      -9.84348488    
  0.729999602       7.26324511       4.65741158       9.90466309       2.77500916     -0.111866623      -9.84228516    
  0.739999592       7.36228609       4.68466949       9.90354633       2.67659235     -0.111557975      -9.84109306    
  0.749999583       7.46131611       4.71094322       9.90243244       2.57818747     -0.111258991      -9.83991051    
  0.759999573       7.56033468       4.73623323       9.90132141       2.47979426     -0.110969782      -9.83873558    
  0.769999564       7.65934229       4.76053905       9.90021324       2.38141274     -0.110690363      -9.83756924    
  0.779999554       7.75833893       4.78386116       9.89910793       2.28304291     -0.110420838      -9.83640957    
  0.789999545       7.85732460       4.80619955       9.89800549       2.18468475     -0.110161245      -9.83525753    
  0.799999535       7.95629883       4.82755470       9.89690495       2.08633804     -0.109911628      -9.83411312    
  0.809999526       8.05526257       4.84792614       9.89580727       1.98800266     -0.109672062      -9.83297539    
  0.819999516       8.15421486       4.86731434       9.89471149       1.88967860     -0.109442607      -9.83184433    
  0.829999506       8.25315666       4.88571930       9.89361858       1.79136586     -0.109223284      -9.83071899    
  0.839999497       8.35208702       4.90314150       9.89252758       1.69306433     -0.109014176      -9.82960033    
  0.849999487       8.45100689       4.91958046       9.89143848       1.59477401     -0.108815290      -9.82848740    
  0.859999478       8.54991531       4.93503666       9.89035130       1.49649477     -0.108626679      -9.82737923    
  0.869999468       8.64881325       4.94951010       9.88926601       1.39822662     -0.108448416      -9.82627678    
  0.879999459       8.74770069       4.96300125       9.88818264       1.29996943     -0.108280510      -9.82517815    
  0.889999449       8.84657669       4.97550964       9.88710022       1.20172322     -0.108122975      -9.82408524    
  0.899999440       8.94544220       4.98703575       9.88601971       1.10348797     -0.107975893      -9.82299519    
  0.909999430       9.04429722       4.99757957       9.88494110       1.00526357     -0.107839279      -9.82190990    
  0.919999421       9.14314079       5.00714111       9.88386345      0.907049954     -0.107713141      -9.82082844    
  0.929999411       9.24197388       5.01572037       9.88278675      0.808847189     -0.107597500      -9.81974983    
  0.939999402       9.34079647       5.02331781       9.88171101      0.710655153     -0.107492395      -9.81867409    
  0.949999392       9.43960857       5.02993345       9.88063622      0.612473905     -0.107397832      -9.81760025    
  0.959999382       9.53840923       5.03556728       9.87956238      0.514303327     -0.107313834      -9.81652927    
  0.969999373       9.63719940       5.04021931       9.87848949      0.416143477     -0.107240416      -9.81546116    
  0.979999363       9.73597908       5.04389000       9.87741756      0.317994297     -0.107177593      -9.81439400    
  0.989999354       9.83474827       5.04657936       9.87634563      0.219855785     -0.107125342      -9.81332779    
  0.999999344       9.93350601       5.04828739       9.87527466      0.121727921     -0.107083701      -9.81226349    
   1.00999939       9.93350601       5.04828739       9.87527466      0.121727921     -0.107083701      -9.81226349    
   1.00999939       10.0322542       5.04901409       9.87420368       2.36101206E-02 -0.107052639      -9.81119919    
   1.01999938       10.1309910       5.04875946       9.87313366      -7.44964629E-02 -0.107032180      -9.81013584    
   1.02999938       10.2297173       5.04752398       9.87206364     -0.172592402     -0.107022300      -9.80907249    
   1.03999937       10.3284321       5.04530764       9.87099361     -0.270677716     -0.107022993      -9.80800819    
   1.04999936       10.4271364       5.04211044       9.86992359     -0.368752390     -0.107034259      -9.80694389    
   1.05999935       10.5258303       5.03793240       9.86885357     -0.466816425     -0.107056059      -9.80587959    
   1.06999934       10.6245136       5.03277397       9.86778259     -0.564869821     -0.107088372      -9.80481339    
   1.07999933       10.7231855       5.02663517       9.86671162     -0.662912548     -0.107131198      -9.80374527    
   1.08999932       10.8218470       5.01951599       9.86563969     -0.760944545     -0.107184492      -9.80267620    
   1.09999931       10.9204979       5.01141644       9.86456776     -0.858965874     -0.107248254      -9.80160427    
   1.10999930       11.0191383       5.00233650       9.86349487     -0.956976473     -0.107322417      -9.80053043    
   1.11999929       11.1177683       4.99227667       9.86242104      -1.05497634     -0.107406981      -9.79945374    
   1.12999928       11.2163868       4.98123693       9.86134624      -1.15296543     -0.107501872      -9.79837418    
   1.13999927       11.3149948       4.96921730       9.86027050      -1.25094366     -0.107607082      -9.79729176    
   1.14999926       11.4135923       4.95621824       9.85919380      -1.34891105     -0.107722558      -9.79620457    
   1.15999925       11.5121784       4.94223928       9.85811615      -1.44686759     -0.107848257      -9.79511452    
   1.16999924       11.6107540       4.92728090       9.85703659      -1.54481316     -0.107984126      -9.79401970    
   1.17999923       11.7093191       4.91134310       9.85595608      -1.64274776     -0.108130120      -9.79292011    
   1.18999922       11.8078728       4.89442587       9.85487366      -1.74067140     -0.108286172      -9.79181671    
   1.19999921       11.9064159       4.87652969       9.85379028      -1.83858395     -0.108452253      -9.79070759    
   1.20999920       12.0049486       4.85765457       9.85270500      -1.93648541     -0.108628280      -9.78959274    
   1.21999919       12.1034698       4.83780050       9.85161781      -2.03437567     -0.108814195      -9.78847313    
   1.22999918       12.2019806       4.81696749       9.85052872      -2.13225460     -0.109009959      -9.78734684    
   1.23999918       12.3004799       4.79515553       9.84943771      -2.23012233     -0.109215468      -9.78621483    
   1.24999917       12.3989687       4.77236509       9.84834480      -2.32797861     -0.109430671      -9.78507519    
   1.25999916       12.4974470       4.74859619       9.84724903      -2.42582345     -0.109655507      -9.78392982    
   1.26999915       12.5959139       4.72384882       9.84615135      -2.52365685     -0.109889895      -9.78277779    
   1.27999914       12.6943703       4.69812298       9.84505081      -2.62147880     -0.110133767      -9.78161716    
   1.28999913       12.7928152       4.67141914       9.84394836      -2.71928906     -0.110387050      -9.78044987    
   1.29999912       12.8912487       4.64373732       9.84284306      -2.81708765     -0.110649645      -9.77927399    
   1.30999911       12.9896717       4.61507750       9.84173489      -2.91487432     -0.110921502      -9.77809048    
   1.31999910       13.0880833       4.58543968       9.84062386      -3.01264930     -0.111202523      -9.77689934    
   1.32999909       13.1864834       4.55482435       9.83950996      -3.11041212     -0.111492634      -9.77569866    
   1.33999908       13.2848730       4.52323151       9.83839321      -3.20816302     -0.111791745      -9.77448940    
   1.34999907       13.3832512       4.49066114       9.83727360      -3.30590177     -0.112099782      -9.77327061    
   1.35999906       13.4816179       4.45711374       9.83615112      -3.40362835     -0.112416662      -9.77204323    
   1.36999905       13.5799742       4.42258883       9.83502579      -3.50134254     -0.112742290      -9.77080631    
   1.37999904       13.6783190       4.38708687       9.83389664      -3.59904432     -0.113076575      -9.76955891    
   1.38999903       13.7766523       4.35060787       9.83276463      -3.69673347     -0.113419414      -9.76830196    
   1.39999902       13.8749743       4.31315231       9.83162880      -3.79440999     -0.113770746      -9.76703453    
   1.40999901       13.9732847       4.27471972       9.83048916      -3.89207387     -0.114130452      -9.76575661    
   1.41999900       14.0715837       4.23531055       9.82934570      -3.98972487     -0.114498459      -9.76446819    
   1.42999899       14.1698713       4.19492531       9.82819843      -4.08736277     -0.114874646      -9.76316833    
   1.43999898       14.2681475       4.15356350       9.82704735      -4.18498802     -0.115258947      -9.76185799    
   1.44999897       14.3664122       4.11122561       9.82589245      -4.28259993     -0.115651272      -9.76053619    
   1.45999897       14.4646654       4.06791162       9.82473373      -4.38019848     -0.116051517      -9.75920296    
   1.46999896       14.5629072       4.02362156       9.82357121      -4.47778368     -0.116459601      -9.75785828    
   1.47999895       14.6611366       3.97835588       9.82240486      -4.57535553     -0.116875418      -9.75650120    
   1.48999894       14.7593546       3.93211460       9.82123375      -4.67291355     -0.117298841      -9.75513268    
   1.49999893       14.8575611       3.88489771       9.82005882      -4.77045774     -0.117729820      -9.75375080    
   1.50999892       14.9557562       3.83670545       9.81887913      -4.86798811     -0.118168242      -9.75235748    
   1.51999891       15.0539389       3.78753805       9.81769562      -4.96550465     -0.118614033      -9.75095081    
   1.52999890       15.1521101       3.73739552       9.81650734      -5.06300688     -0.119067051      -9.74953175    
   1.53999889       15.2502689       3.68627810       9.81531429      -5.16049480     -0.119527221      -9.74810028    
   1.54999888       15.3484163       3.63418579       9.81411648      -5.25796843     -0.119994454      -9.74665546    
   1.55999887       15.4465513       3.58111882       9.81291389      -5.35542774     -0.120468654      -9.74519634    
   1.56999886       15.5446739       3.52707744       9.81170654      -5.45287228     -0.120949715      -9.74372482    
   1.57999885       15.6427851       3.47206163       9.81049442      -5.55030203     -0.121437557      -9.74223900    
   1.58999884       15.7408838       3.41607165       9.80927753      -5.64771700     -0.121932067      -9.74073982    
   1.59999883       15.8389702       3.35910749       9.80805588      -5.74511671     -0.122433186      -9.73922634    
   1.60999882       15.9370441       3.30116940       9.80682945      -5.84250116     -0.122940794      -9.73769951    
   1.61999881       16.0351067       3.24225760       9.80559731      -5.93987036     -0.123454779      -9.73615837    
   1.62999880       16.1331558       3.18237209       9.80436039      -6.03722429     -0.123975076      -9.73460293    
   1.63999879       16.2311935       3.12151313       9.80311775      -6.13456249     -0.124501579      -9.73303223    
   1.64999878       16.3292179       3.05968094       9.80187035      -6.23188496     -0.125034198      -9.73144722    
   1.65999877       16.4272308       2.99687552       9.80061722      -6.32919121     -0.125572845      -9.72984791    
   1.66999876       16.5252304       2.93309712       9.79935837      -6.42648172     -0.126117423      -9.72823429    
   1.67999876       16.6232185       2.86834598       9.79809475      -6.52375603     -0.126667842      -9.72660446    
   1.68999875       16.7211933       2.80262208       9.79682541      -6.62101364     -0.127224013      -9.72496033    
   1.69999874       16.8191547       2.73592567       9.79555035      -6.71825504     -0.127785861      -9.72330093    
   1.70999873       16.9171028       2.66825700       9.79426956      -6.81547976     -0.128353283      -9.72162628    
   1.71999872       17.0150394       2.59961629       9.79298306      -6.91268730     -0.128926173      -9.71993542    
   1.72999871       17.1129627       2.53000355       9.79169083      -7.00987816     -0.129504487      -9.71823025    
   1.73999870       17.2108727       2.45941901       9.79039288      -7.10705185     -0.130088106      -9.71650887    
   1.74999869       17.3087692       2.38786268       9.78908920      -7.20420837     -0.130676955      -9.71477127    
   1.75999868       17.4066544       2.31533504       9.78777981      -7.30134726     -0.131270960      -9.71301842    
   1.76999867       17.5045261       2.24183607       9.78646374      -7.39846849     -0.131870016      -9.71125031    
   1.77999866       17.6023846       2.16736603       9.78514194      -7.49557209     -0.132474035      -9.70946503    
   1.78999865       17.7002296       2.09192491       9.78381443      -7.59265757     -0.133082986      -9.70766449    
   1.79999864       17.7980614       2.01551294       9.78248024      -7.68972492     -0.133696705      -9.70584679    
   1.80999863       17.8958797       1.93813050       9.78114033      -7.78677416     -0.134315178      -9.70401382    
   1.81999862       17.9936848       1.85977769       9.77979374      -7.88380480     -0.134938300      -9.70216370    
   1.82999861       18.0914764       1.78045464       9.77844143      -7.98081684     -0.135566011      -9.70029831    
   1.83999860       18.1892548       1.70016158       9.77708244      -8.07781029     -0.136198208      -9.69841576    
   1.84999859       18.2870178       1.61889863       9.77571774      -8.17478466     -0.136834815      -9.69651604    
   1.85999858       18.3847675       1.53666604       9.77434635      -8.27173996     -0.137475789      -9.69460011    
   1.86999857       18.4825039       1.45346403       9.77296829      -8.36867619     -0.138121009      -9.69266796    
   1.87999856       18.5802269       1.36929274       9.77158356      -8.46559334     -0.138770416      -9.69071865    
   1.88999856       18.6779366       1.28415239       9.77019215      -8.56249046     -0.139423966      -9.68875217    
   1.89999855       18.7756310       1.19804311       9.76879501      -8.65936756     -0.140081555      -9.68676949    
   1.90999854       18.8733120       1.11096525       9.76739120      -8.75622559     -0.140743136      -9.68476868    
   1.91999853       18.9709797       1.02291882       9.76598072      -8.85306358     -0.141408637      -9.68275166    
   1.92999852       19.0686321      0.933904171       9.76456356      -8.94988060     -0.142077953      -9.68071747    
   1.93999851       19.1662712      0.843921423       9.76313972      -9.04667759     -0.142751008      -9.67866611    
   1.94999850       19.2638950      0.752970815       9.76170921      -9.14345360     -0.143427789      -9.67659760    
   1.95999849       19.3615055      0.661052585       9.76027107      -9.24020863     -0.144108191      -9.67451191    
   1.96999848       19.4591007      0.568166912       9.75882626      -9.33694363     -0.144792154      -9.67240906    
   1.97999847       19.5566826      0.474313974       9.75737476      -9.43365669     -0.145479605      -9.67028809    
   1.98999846       19.6542492      0.379494011       9.75591660      -9.53034878     -0.146170527      -9.66815090    
   1.99999845       19.6542492      0.379494011       9.75591660      -9.53034878     -0.146170527      -9.66815090    
   1.99999845       19.7518005      0.283707231       9.75445175      -9.62701988     -0.146864817      -9.66599560    
   2.00999856       19.8493385      0.186952695       9.75297928      -9.72367001     -0.147562385      -9.66382217    
   2.01999855       19.9468613       8.92329365E-02   9.75150013      -9.82029724     -0.148263231      -9.66163254    
